proportions <- c(.4777, .4875, .4859, .4754, .4874, .4864, .4813, .4787, .4895, .4797, .4876, .4859, .4857, .4907, .5010, .4903, .4860, .4911, .4871, .4725, .4822, .4870, .4823, .4973)
